let colors = {
 "ANDREW MUIRHEAD QL": {
  "AMAZON": {
   "Readings": [
    [
     37.6, 
     -2.3, 
     11.6, 
     11.8, 
     101.4
    ], 
    [
     37.5, 
     -2.1, 
     11.7, 
     11.9, 
     100.1
    ], 
    [
     37.5, 
     -2.2, 
     11.7, 
     11.9, 
     100.8
    ], 
    [
     37.4, 
     -2.2, 
     11.8, 
     12.0, 
     100.7
    ]
   ], 
   "color": {
    "hex": "#5C5845", 
    "labch": [
     37.5, 
     -2.2, 
     11.7, 
     11.9, 
     100.75
    ], 
    "rgb": [
     0.10644549388251102, 
     0.09795947498042683, 
     0.05710184281437416
    ], 
    "rgb2": [
     0.36123109523906466, 
     0.34784418654296656, 
     0.27217044636334087
    ]
   }
  }, 
  "ANTHRACITE": {
   "Readings": [
    [
     31.1, 
     -0.4, 
     -0.7, 
     0.9, 
     240.9
    ], 
    [
     31.4, 
     -0.4, 
     -0.6, 
     0.7, 
     238.2
    ], 
    [
     31.4, 
     -0.3, 
     -0.6, 
     0.7, 
     239.8
    ], 
    [
     31.2, 
     -0.3, 
     -0.8, 
     0.8, 
     250.7
    ]
   ], 
   "color": {
    "hex": "#48494A", 
    "labch": [
     31.275000000000002, 
     -0.35000000000000003, 
     -0.675, 
     0.7749999999999999, 
     242.40000000000003
    ], 
    "rgb": [
     0.06281920039677713, 
     0.06535441971197566, 
     0.0669581325964808
    ], 
    "rgb2": [
     0.28423553056246154, 
     0.2893933981677198, 
     0.2925999464459018
    ]
   }
  }, 
  "ATLANTIC GREEN": {
   "Readings": [
    [
     44.1, 
     -6.7, 
     -2.3, 
     7.1, 
     198.7
    ], 
    [
     44.1, 
     -7, 
     -2, 
     7.3, 
     195.8
    ], 
    [
     43.9, 
     -6.7, 
     -2.1, 
     7.1, 
     197.5
    ], 
    [
     44.1, 
     -6.8, 
     -2.1, 
     7.1, 
     197.1
    ]
   ], 
   "color": {
    "hex": "#596B6B", 
    "labch": [
     44.05, 
     -6.8, 
     -2.125, 
     7.15, 
     197.275
    ], 
    "rgb": [
     0.099982876198392, 
     0.1500135992224597, 
     0.14919093403163186
    ], 
    "rgb2": [
     0.3510918426220477, 
     0.42219581416435104, 
     0.42114182869035305
    ]
   }
  }, 
  "AZTEC YELLOW": {
   "Readings": [
    [
     75.3, 
     17.5, 
     55.5, 
     58.2, 
     72.5
    ], 
    [
     75.3, 
     17.5, 
     55.2, 
     57.8, 
     72.4
    ], 
    [
     75.3, 
     17.5, 
     55.6, 
     58.3, 
     72.6
    ], 
    [
     75.5, 
     17.5, 
     55.4, 
     58.1, 
     72.4
    ]
   ], 
   "color": {
    "hex": "#F2AB51", 
    "labch": [
     75.35, 
     17.5, 
     55.425000000000004, 
     58.1, 
     72.475
    ], 
    "rgb": [
     0.8941507905441958, 
     0.41762427144081815, 
     0.08084772741549687
    ], 
    "rgb2": [
     0.9504165363707824, 
     0.6724033643155224, 
     0.31877581972540664
    ]
   }
  }, 
  "AZURE": {
   "Readings": [
    [
     42.6, 
     0.7, 
     -8.9, 
     8.9, 
     274.5
    ], 
    [
     42.7, 
     0.3, 
     -8.7, 
     8.7, 
     272
    ], 
    [
     42.3, 
     0.6, 
     -8.8, 
     8.8, 
     274.2
    ], 
    [
     42.3, 
     0.5, 
     -8.9, 
     8.9, 
     272.9
    ]
   ], 
   "color": {
    "hex": "#5D6472", 
    "labch": [
     42.475, 
     0.525, 
     -8.825000000000001, 
     8.825000000000001, 
     273.4
    ], 
    "rgb": [
     0.10998277088907407, 
     0.1291887786859687, 
     0.17222946046254317
    ], 
    "rgb2": [
     0.36663884868228525, 
     0.394467537832118, 
     0.4495480411140367
    ]
   }
  }, 
  "BISCUIT": {
   "Readings": [
    [
     57.3, 
     10.3, 
     25.7, 
     27.7, 
     68.1
    ], 
    [
     57.2, 
     10.4, 
     25.7, 
     27.7, 
     67.9
    ], 
    [
     57.1, 
     10.4, 
     25.6, 
     27.7, 
     67.9
    ], 
    [
     57.3, 
     10.4, 
     25.6, 
     27.6, 
     67.9
    ]
   ], 
   "color": {
    "hex": "#A9815D", 
    "labch": [
     57.224999999999994, 
     10.375, 
     25.65, 
     27.674999999999997, 
     67.95
    ], 
    "rgb": [
     0.4058067729887077, 
     0.22620054330774064, 
     0.109092642492907
    ], 
    "rgb2": [
     0.6636870049285731, 
     0.508847939056484, 
     0.36528707073180955
    ]
   }
  }, 
  "BOBBIN": {
   "Readings": [
    [
     27.7, 
     -1.4, 
     -7, 
     7.2, 
     258.6
    ], 
    [
     27.4, 
     -1.3, 
     -7.1, 
     7.2, 
     259.4
    ], 
    [
     27.8, 
     -1.3, 
     -6.8, 
     6.9, 
     259
    ], 
    [
     27.8, 
     -1.5, 
     -7, 
     7.2, 
     257.6
    ]
   ], 
   "color": {
    "hex": "#39424B", 
    "labch": [
     27.674999999999997, 
     -1.375, 
     -6.975, 
     7.125, 
     258.65
    ], 
    "rgb": [
     0.03704830905373228, 
     0.05186434823880953, 
     0.06946059051837321
    ], 
    "rgb2": [
     0.22358371998049215, 
     0.26052506396565933, 
     0.297520905336019
    ]
   }
  }, 
  "BURGUNDY": {
   "Readings": [
    [
     28, 
     9.2, 
     4, 
     10, 
     23.6
    ], 
    [
     27.9, 
     9.4, 
     4, 
     10.2, 
     23.3
    ], 
    [
     28, 
     9.1, 
     3.8, 
     9.9, 
     22.8
    ], 
    [
     28, 
     9.2, 
     3.7, 
     9.9, 
     21.8
    ]
   ], 
   "color": {
    "hex": "#523C3C", 
    "labch": [
     27.975, 
     9.225000000000001, 
     3.875, 
     10.0, 
     22.875
    ], 
    "rgb": [
     0.08253367331649522, 
     0.04275662225844754, 
     0.0420566711283917
    ], 
    "rgb2": [
     0.3217804278749091, 
     0.23863207254782176, 
     0.23684837344090584
    ]
   }
  }, 
  "BURNT ORANGE": {
   "Readings": [
    [
     49.2, 
     22.2, 
     32, 
     39, 
     55.3
    ], 
    [
     49.1, 
     22.2, 
     30.9, 
     38.0, 
     54.3
    ], 
    [
     49.4, 
     22.1, 
     31.5, 
     38.5, 
     54.9
    ], 
    [
     49.2, 
     22.3, 
     32.2, 
     39.2, 
     55.3
    ]
   ], 
   "color": {
    "hex": "#A56540", 
    "labch": [
     49.22500000000001, 
     22.2, 
     31.650000000000002, 
     38.675, 
     54.95
    ], 
    "rgb": [
     0.38629550834035253, 
     0.13104406094812424, 
     0.04796274576967267
    ], 
    "rgb2": [
     0.6489873151968522, 
     0.3970325060725212, 
     0.251426428442751
    ]
   }
  }, 
  "BUTTERSCOTCH": {
   "Readings": [
    [
     58, 
     12.6, 
     28.1, 
     30.8, 
     65.9
    ], 
    [
     58.1, 
     12.5, 
     28, 
     30.7, 
     65.9
    ], 
    [
     57.7, 
     12.8, 
     27.9, 
     30.7, 
     65.4
    ], 
    [
     57.9, 
     12.6, 
     28, 
     30.7, 
     65.8
    ]
   ], 
   "color": {
    "hex": "#AF825A", 
    "labch": [
     57.925000000000004, 
     12.625000000000002, 
     28.0, 
     30.725, 
     65.75
    ], 
    "rgb": [
     0.4392679616709122, 
     0.22714855913282211, 
     0.10308990164982379
    ], 
    "rgb2": [
     0.6880251778949475, 
     0.5098161983298188, 
     0.3560097360841545
    ]
   }
  }, 
  "CLARET": {
   "Readings": [
    [
     29.2, 
     11.3, 
     5.3, 
     12.5, 
     24.8
    ], 
    [
     29.3, 
     11.4, 
     5.2, 
     12.5, 
     24.3
    ], 
    [
     29.3, 
     11.5, 
     5.3, 
     12.6, 
     25
    ], 
    [
     29.3, 
     11.4, 
     5.1, 
     12.5, 
     24.3
    ]
   ], 
   "color": {
    "hex": "#583E3D", 
    "labch": [
     29.275, 
     11.4, 
     5.225, 
     12.525, 
     24.599999999999998
    ], 
    "rgb": [
     0.09826592151494423, 
     0.04520171092738552, 
     0.0435449113343958
    ], 
    "rgb2": [
     0.3483383837019962, 
     0.24474101719157026, 
     0.24062191932467905
    ]
   }
  }, 
  "GOTHIC": {
   "Readings": [
    [
     29.7, 
     6.3, 
     -1.9, 
     6.6, 
     342.3
    ], 
    [
     29.7, 
     6.4, 
     -1.6, 
     6.6, 
     345.9
    ], 
    [
     29.7, 
     6.2, 
     -1.7, 
     6.4, 
     344.4
    ], 
    [
     29.9, 
     6.3, 
     -1.9, 
     6.5, 
     343.2
    ]
   ], 
   "color": {
    "hex": "#4E4248", 
    "labch": [
     29.75, 
     6.3, 
     -1.775, 
     6.525, 
     343.95
    ], 
    "rgb": [
     0.07539362628502369, 
     0.052675574388510595, 
     0.06375992713470863
    ], 
    "rgb2": [
     0.30881441206868776, 
     0.262369476692911, 
     0.2861624476621423
    ]
   }
  }, 
  "HERON": {
   "Readings": [
    [
     46.5, 
     -0.3, 
     1.9, 
     1.9, 
     100.5
    ], 
    [
     46.3, 
     -0.2, 
     2, 
     2.0, 
     96.2
    ], 
    [
     46.6, 
     -0.3, 
     1.9, 
     2.0, 
     99.1
    ], 
    [
     46.4, 
     -0.3, 
     2.1, 
     2.1, 
     97.1
    ]
   ], 
   "color": {
    "hex": "#6F6E6A", 
    "labch": [
     46.45, 
     -0.275, 
     1.975, 
     2.0, 
     98.225
    ], 
    "rgb": [
     0.16060536707859815, 
     0.15747712861212676, 
     0.1472091026564758
    ], 
    "rgb2": [
     0.4354936660567573, 
     0.43161731415659876, 
     0.4185896484989742
    ]
   }
  }, 
  "HYACINTH": {
   "Readings": [
    [
     48.1, 
     -1.7, 
     -23.5, 
     23.6, 
     266
    ], 
    [
     47.6, 
     -1.6, 
     -23.4, 
     23.4, 
     266
    ], 
    [
     70, 
     -1, 
     3.2, 
     3.3, 
     107.9
    ], 
    [
     69.5, 
     -0.8, 
     3.4, 
     3.5, 
     103.4
    ]
   ], 
   "color": {
    "hex": "#799197", 
    "labch": [
     58.8, 
     -1.275, 
     -10.075, 
     13.45, 
     185.825
    ], 
    "rgb": [
     0.19475631319529974, 
     0.29166189372052204, 
     0.3163173779247635
    ], 
    "rgb2": [
     0.4753807715581875, 
     0.5711675109879177, 
     0.5926294172722373
    ]
   }
  }, 
  "INGLESTON BLACK": {
   "Readings": [
    [
     26.3, 
     -0.7, 
     -1.5, 
     1.7, 
     243.9
    ], 
    [
     26.2, 
     -0.5, 
     -1.1, 
     -1.2, 
     247.2
    ], 
    [
     26.7, 
     -0.4, 
     -1.1, 
     1.2, 
     248.8
    ], 
    [
     27.1, 
     -0.3, 
     -1.4, 
     1.4, 
     257.4
    ]
   ], 
   "color": {
    "hex": "#3D3F40", 
    "labch": [
     26.575000000000003, 
     -0.47500000000000003, 
     -1.275, 
     0.7749999999999999, 
     249.32500000000002
    ], 
    "rgb": [
     0.043746832333625925, 
     0.04626237091510275, 
     0.04830189713746649
    ], 
    "rgb2": [
     0.24112845298526187, 
     0.24733490079282458, 
     0.2522329992164455
    ]
   }
  }, 
  "JAFFA": {
   "Readings": [
    [
     58.5, 
     42.7, 
     56.4, 
     70.7, 
     52.8
    ], 
    [
     58.6, 
     42.9, 
     56, 
     70.5, 
     52.6
    ], 
    [
     58.2, 
     42, 
     55.1, 
     69.3, 
     52.7
    ], 
    [
     57.8, 
     41.9, 
     54.7, 
     68.9, 
     52.6
    ]
   ], 
   "color": {
    "hex": "#DF6928", 
    "labch": [
     58.275000000000006, 
     42.375, 
     55.55, 
     69.85, 
     52.675000000000004
    ], 
    "rgb": [
     0.750993068810868, 
     0.1444180708469982, 
     0.017242330652484848
    ], 
    "rgb2": [
     0.8779522106523734, 
     0.41496339734466703, 
     0.15792566462227758
    ]
   }
  }, 
  "LAGOON": {
   "Readings": [
    [
     62.1, 
     -2.8, 
     13.6, 
     13.8, 
     101.8
    ], 
    [
     61.8, 
     -2.7, 
     13.5, 
     13.8, 
     101.5
    ], 
    [
     62, 
     -2.8, 
     13.4, 
     13.6, 
     101.7
    ], 
    [
     61.8, 
     -2.7, 
     13.5, 
     13.8, 
     101.7
    ]
   ], 
   "color": {
    "hex": "#9A967D", 
    "labch": [
     61.925, 
     -2.75, 
     13.5, 
     13.75, 
     101.675
    ], 
    "rgb": [
     0.3316351991463206, 
     0.31251187160092647, 
     0.21123674518092617
    ], 
    "rgb2": [
     0.6055060173890626, 
     0.589377934801038, 
     0.49326128558947957
    ]
   }
  }, 
  "LAVENDER": {
   "Readings": [
    [
     55.1, 
     5.2, 
     -4.3, 
     6.7, 
     320.6
    ], 
    [
     55.1, 
     5, 
     -3.8, 
     6.3, 
     323.1
    ], 
    [
     55.1, 
     5, 
     -4.1, 
     6.5, 
     320.5
    ], 
    [
     55.1, 
     5.1, 
     -4.1, 
     6.5, 
     321.6
    ]
   ], 
   "color": {
    "hex": "#89818A", 
    "labch": [
     55.1, 
     5.074999999999999, 
     -4.074999999999999, 
     6.5, 
     321.45000000000005
    ], 
    "rgb": [
     0.2581244535566322, 
     0.22445781261887823, 
     0.26306892150328953
    ], 
    "rgb2": [
     0.5403182211019325, 
     0.5070622033444376, 
     0.5449984252776927
    ]
   }
  }, 
  "LIME": {
   "Readings": [
    [
     65, 
     -22.1, 
     38, 
     44, 
     120.2
    ], 
    [
     64.8, 
     -22.2, 
     38.3, 
     44.3, 
     120.1
    ], 
    [
     64.9, 
     -22.1, 
     38.4, 
     44.3, 
     119.9
    ], 
    [
     64.6, 
     -22, 
     38.1, 
     44.0, 
     120
    ]
   ], 
   "color": {
    "hex": "#8CA656", 
    "labch": [
     64.825, 
     -22.1, 
     38.199999999999996, 
     44.15, 
     120.05000000000001
    ], 
    "rgb": [
     0.2708946791579175, 
     0.3920947399567311, 
     0.09309949634624946
    ], 
    "rgb2": [
     0.5523088903767837, 
     0.6533979004402859, 
     0.3398910243618567
    ]
   }
  }, 
  "LOOM": {
   "Readings": [
    [
     26.5, 
     2.7, 
     1.8, 
     3.3, 
     33.7
    ], 
    [
     26.6, 
     2.8, 
     2.4, 
     3.7, 
     40.4
    ], 
    [
     26.4, 
     2.9, 
     1.8, 
     3.4, 
     32
    ], 
    [
     26.4, 
     2.8, 
     1.8, 
     3.4, 
     32.6
    ]
   ], 
   "color": {
    "hex": "#443D3B", 
    "labch": [
     26.475, 
     2.8, 
     1.95, 
     3.45, 
     34.675
    ], 
    "rgb": [
     0.055072650150139874, 
     0.04313124406498562, 
     0.04105038923782732
    ], 
    "rgb2": [
     0.2677306983151556, 
     0.23958018849451176, 
     0.2342554331950436
    ]
   }
  }, 
  "MAGNOLIA": {
   "Readings": [
    [
     75.4, 
     4.6, 
     23.8, 
     24.3, 
     79.1
    ], 
    [
     75.2, 
     4.6, 
     23.9, 
     24.4, 
     79
    ], 
    [
     75.3, 
     4.6, 
     23.8, 
     24.2, 
     79.1
    ], 
    [
     75.2, 
     4.7, 
     23.8, 
     24.3, 
     78.9
    ]
   ], 
   "color": {
    "hex": "#D1B58D", 
    "labch": [
     75.275, 
     4.625, 
     23.825, 
     24.3, 
     79.025
    ], 
    "rgb": [
     0.6515323646936018, 
     0.470997858548461, 
     0.2751661404750194
    ], 
    "rgb2": [
     0.8230485456440306, 
     0.7101862213041366, 
     0.5562505470333572
    ]
   }
  }, 
  "MANGO": {
   "Readings": [
    [
     68.9, 
     32.2, 
     66.4, 
     73.8, 
     64.2
    ], 
    [
     68.9, 
     32.3, 
     66.7, 
     74.1, 
     64.2
    ], 
    [
     68.9, 
     32.1, 
     66.8, 
     74.1, 
     64.3
    ], 
    [
     68.8, 
     32.2, 
     66.8, 
     74.1, 
     64.3
    ]
   ], 
   "color": {
    "hex": "#F58E26", 
    "labch": [
     68.875, 
     32.2, 
     66.67500000000001, 
     74.02499999999999, 
     64.25
    ], 
    "rgb": [
     0.9198002629048403, 
     0.2784905810146807, 
     0.01531338689422384
    ], 
    "rgb2": [
     0.9627134931174658, 
     0.5592952635471549, 
     0.14963472461458555
    ]
   }
  }, 
  "MULBERRY": {
   "Readings": [
    [
     30.8, 
     19.5, 
     7.4, 
     20.8, 
     20.8
    ], 
    [
     31, 
     19.1, 
     7.4, 
     20.5, 
     21.2
    ], 
    [
     31, 
     19.3, 
     7.4, 
     20.6, 
     21
    ], 
    [
     31, 
     19.2, 
     7.2, 
     20.5, 
     20.5
    ]
   ], 
   "color": {
    "hex": "#683C3E", 
    "labch": [
     30.95, 
     19.275000000000002, 
     7.3500000000000005, 
     20.6, 
     20.875
    ], 
    "rgb": [
     0.13990629446486597, 
     0.042729939671699434, 
     0.0448399618999271
    ], 
    "rgb2": [
     0.40901968169196895, 
     0.2385643700632737, 
     0.24384876551797785
    ]
   }
  }, 
  "MUSHROOM": {
   "Readings": [
    [
     67.3, 
     7.5, 
     20.4, 
     21.7, 
     69.7
    ], 
    [
     67.3, 
     7.5, 
     20.5, 
     21.8, 
     69.8
    ], 
    [
     67, 
     7.5, 
     20.3, 
     21.6, 
     69.7
    ], 
    [
     67, 
     7.6, 
     20.3, 
     21.7, 
     69.6
    ]
   ], 
   "color": {
    "hex": "#BE9D7F", 
    "labch": [
     67.15, 
     7.525, 
     20.375, 
     21.7, 
     69.69999999999999
    ], 
    "rgb": [
     0.5234939958937173, 
     0.34730647107631735, 
     0.2168868746828639
    ], 
    "rgb2": [
     0.7451309335465415, 
     0.6183482344635658, 
     0.4992152576095608
    ]
   }
  }, 
  "NEPTUNE": {
   "Readings": [
    [
     44.1, 
     -6.9, 
     -2.2, 
     7.3, 
     197.4
    ], 
    [
     44.2, 
     -6.9, 
     -2.2, 
     7.2, 
     198
    ], 
    [
     44, 
     -6.7, 
     -2.1, 
     7.1, 
     197.6
    ], 
    [
     43.6, 
     -6.5, 
     -2, 
     6.8, 
     197.3
    ]
   ], 
   "color": {
    "hex": "#596B6B", 
    "labch": [
     43.975, 
     -6.75, 
     -2.125, 
     7.1000000000000005, 
     197.575
    ], 
    "rgb": [
     0.09978087065465165, 
     0.1493673736262439, 
     0.14868118815748316
    ], 
    "rgb2": [
     0.3507692345660477, 
     0.4213681467973857, 
     0.42048715905137035
    ]
   }
  }, 
  "NUTMEG": {
   "Readings": [
    [
     54.2, 
     3.3, 
     15.5, 
     15.9, 
     77.8
    ], 
    [
     54.1, 
     3.4, 
     15.5, 
     15.9, 
     77.8
    ], 
    [
     54.1, 
     3.5, 
     15.6, 
     16.0, 
     77.6
    ], 
    [
     54, 
     3.4, 
     15.4, 
     15.8, 
     77.5
    ]
   ], 
   "color": {
    "hex": "#917E66", 
    "labch": [
     54.1, 
     3.4, 
     15.5, 
     15.899999999999999, 
     77.675
    ], 
    "rgb": [
     0.29004588719506136, 
     0.21387452353362482, 
     0.135695632846784
    ], 
    "rgb2": [
     0.5697268497336765, 
     0.496051586775795, 
     0.40337758305153276
    ]
   }
  }, 
  "OCEAN GREEN": {
   "Readings": [
    [
     29.3, 
     -3.9, 
     0.1, 
     3.9, 
     178.5
    ], 
    [
     29.4, 
     -3.6, 
     0.2, 
     3.6, 
     176.1
    ], 
    [
     29.2, 
     -3.9, 
     0.3, 
     3.9, 
     175.6
    ], 
    [
     28.7, 
     -3.3, 
     0.1, 
     3.3, 
     178.1
    ]
   ], 
   "color": {
    "hex": "#3E4644", 
    "labch": [
     29.150000000000002, 
     -3.675, 
     0.17500000000000002, 
     3.675, 
     177.07500000000002
    ], 
    "rgb": [
     0.04551726234210284, 
     0.05894217935669359, 
     0.0551187415437747
    ], 
    "rgb2": [
     0.24551614740106803, 
     0.2761231463825494, 
     0.2678325246840939
    ]
   }
  }, 
  "OCEANA": {
   "Readings": [
    [
     52.6, 
     -22.2, 
     -16.5, 
     27.7, 
     216.5
    ], 
    [
     52.6, 
     -22.3, 
     -16.6, 
     27.8, 
     216.7
    ], 
    [
     52.4, 
     -22.1, 
     -16.5, 
     27.6, 
     216.7
    ], 
    [
     52.3, 
     -22, 
     -16.3, 
     27.4, 
     216.5
    ]
   ], 
   "color": {
    "hex": "#268898", 
    "labch": [
     52.474999999999994, 
     -22.15, 
     -16.475, 
     27.625, 
     216.6
    ], 
    "rgb": [
     0.01563267552749752, 
     0.25446273372101763, 
     0.32340544014609457
    ], 
    "rgb2": [
     0.15104489502972357, 
     0.5368206042956171, 
     0.5986291671105274
    ]
   }
  }, 
  "OSIO": {
   "Readings": [
    [
     40.9, 
     -1.6, 
     -6.7, 
     6.9, 
     257
    ], 
    [
     41.5, 
     -1.7, 
     -6.9, 
     7.1, 
     256.4
    ], 
    [
     41.5, 
     -1.7, 
     -7, 
     7.2, 
     256.3
    ], 
    [
     41.3, 
     -1.6, 
     -6.6, 
     6.8, 
     256.8
    ]
   ], 
   "color": {
    "hex": "#58626C", 
    "labch": [
     41.3, 
     -1.65, 
     -6.800000000000001, 
     7.0, 
     256.625
    ], 
    "rgb": [
     0.09746616867981499, 
     0.12386197434807288, 
     0.15221372259773935
    ], 
    "rgb2": [
     0.3470468716329135, 
     0.38698941844847823, 
     0.4249991820926724
    ]
   }
  }, 
  "OXFORD BLUE": {
   "Readings": [
    [
     36.7, 
     -5.3, 
     -16.1, 
     16.9, 
     251.8
    ], 
    [
     37, 
     -5.4, 
     -16.2, 
     17.1, 
     251.5
    ], 
    [
     37, 
     -5.3, 
     -16.2, 
     17.1, 
     251.9
    ], 
    [
     36.9, 
     -5.5, 
     -16.4, 
     17.3, 
     251.4
    ]
   ], 
   "color": {
    "hex": "#395A70", 
    "labch": [
     36.9, 
     -5.375, 
     -16.225, 
     17.1, 
     251.65
    ], 
    "rgb": [
     0.03813794239534762, 
     0.10257170800064298, 
     0.16540120711240833
    ], 
    "rgb2": [
     0.2265491255510497, 
     0.35519519749409656, 
     0.44135729241730626
    ]
   }
  }, 
  "PACIFIC BLUE": {
   "Readings": [
    [
     42.9, 
     -4.6, 
     -9.1, 
     10.2, 
     243.3
    ], 
    [
     41.6, 
     -4.1, 
     -9, 
     9.9, 
     245.4
    ], 
    [
     36.2, 
     -5, 
     -15.8, 
     16.6, 
     252.4
    ], 
    [
     43, 
     -4.7, 
     -9.3, 
     10.4, 
     243.4
    ]
   ], 
   "color": {
    "hex": "#4C6371", 
    "labch": [
     40.925, 
     -4.6, 
     -10.8, 
     11.775, 
     246.125
    ], 
    "rgb": [
     0.0717214155586661, 
     0.1262981548778217, 
     0.16959196505058974
    ], 
    "rgb2": [
     0.3018842027885121, 
     0.39043082063457385, 
     0.44640563619787804
    ]
   }
  }, 
  "PALE MAGNOLIA": {
   "Readings": [
    [
     73.7, 
     6.3, 
     25.1, 
     25.9, 
     76
    ], 
    [
     73.6, 
     6.3, 
     25.2, 
     26.0, 
     76
    ], 
    [
     73.5, 
     6.3, 
     25.3, 
     26.1, 
     75.9
    ], 
    [
     73.6, 
     6.3, 
     25.3, 
     26.0, 
     76.1
    ]
   ], 
   "color": {
    "hex": "#D0AF86", 
    "labch": [
     73.6, 
     6.3, 
     25.224999999999998, 
     26.0, 
     76.0
    ], 
    "rgb": [
     0.6430074562916592, 
     0.43930044947392977, 
     0.2467890586466413
    ], 
    "rgb2": [
     0.818135916235415, 
     0.6880483072597045, 
     0.5294006871155014
    ]
   }
  }, 
  "PINK": {
   "Readings": [
    [
     49.7, 
     42.7, 
     0.6, 
     42.7, 
     0.8
    ], 
    [
     48.9, 
     42.5, 
     0.8, 
     42.5, 
     1
    ], 
    [
     49.2, 
     42.7, 
     0.7, 
     42.7, 
     0.9
    ], 
    [
     49.2, 
     42.2, 
     0.7, 
     42.2, 
     1
    ]
   ], 
   "color": {
    "hex": "#B65575", 
    "labch": [
     49.25, 
     42.525000000000006, 
     0.7, 
     42.525000000000006, 
     0.925
    ], 
    "rgb": [
     0.4762780380896104, 
     0.09009027450714877, 
     0.18144326205069236
    ], 
    "rgb2": [
     0.7137941429031935, 
     0.3348525384292901, 
     0.4603244262624852
    ]
   }
  }, 
  "POPPY": {
   "Readings": [
    [
     39.5, 
     39.1, 
     21.4, 
     44.6, 
     28.7
    ], 
    [
     39.4, 
     39.1, 
     21.6, 
     44.7, 
     28.9
    ], 
    [
     39.3, 
     38.9, 
     21.3, 
     44.4, 
     28.6
    ], 
    [
     39.3, 
     38.8, 
     21.2, 
     44.2, 
     28.6
    ]
   ], 
   "color": {
    "hex": "#9C3E3C", 
    "labch": [
     39.375, 
     38.974999999999994, 
     21.375, 
     44.47500000000001, 
     28.699999999999996
    ], 
    "rgb": [
     0.33950421743622855, 
     0.045018502831523616, 
     0.04170167197171848
    ], 
    "rgb2": [
     0.6119949044718287, 
     0.2442896243433563, 
     0.23593753123482594
    ]
   }
  }, 
  "PORTLAND GREY": {
   "Readings": [
    [
     69.9, 
     -1, 
     3, 
     3.2, 
     109.1
    ], 
    [
     70, 
     -1.1, 
     3.1, 
     3.3, 
     109.3
    ], 
    [
     69.7, 
     -1, 
     3, 
     3.2, 
     107.9
    ], 
    [
     69.4, 
     -0.9, 
     3, 
     3.2, 
     106.1
    ]
   ], 
   "color": {
    "hex": "#AAAAA4", 
    "labch": [
     69.75, 
     -1.0, 
     3.025, 
     3.2249999999999996, 
     108.1
    ], 
    "rgb": [
     0.4150512315926446, 
     0.41378358658264847, 
     0.38307343622456635
    ], 
    "rgb2": [
     0.6705171135188146, 
     0.6695854795832343, 
     0.6465211611738072
    ]
   }
  }, 
  "PURPLE POLKA": {
   "Readings": [
    [
     30.1, 
     4.4, 
     -10.8, 
     11.7, 
     292.2
    ], 
    [
     29.4, 
     4.3, 
     -10.8, 
     11.7, 
     291.7
    ], 
    [
     30.2, 
     4.2, 
     -10.8, 
     11.6, 
     291.4
    ], 
    [
     30.1, 
     4.3, 
     -10.9, 
     11.7, 
     291.7
    ]
   ], 
   "color": {
    "hex": "#444557", 
    "labch": [
     29.950000000000003, 
     4.3, 
     -10.825000000000001, 
     11.675, 
     291.75
    ], 
    "rgb": [
     0.055959099351015486, 
     0.05652552404183171, 
     0.09450811841727905
    ], 
    "rgb2": [
     0.2696809848113639, 
     0.2709183695974282, 
     0.34221902055802733
    ]
   }
  }, 
  "RASPBERRY": {
   "Readings": [
    [
     38.5, 
     42.2, 
     1.5, 
     42.2, 
     2.1
    ], 
    [
     38.4, 
     42, 
     1.5, 
     42.0, 
     2.1
    ], 
    [
     38.5, 
     41.8, 
     1.5, 
     41.8, 
     2.1
    ], 
    [
     38.5, 
     41.7, 
     1.5, 
     41.7, 
     2.1
    ]
   ], 
   "color": {
    "hex": "#963A59", 
    "labch": [
     38.475, 
     41.925, 
     1.5, 
     41.925, 
     2.1
    ], 
    "rgb": [
     0.3156561221734365, 
     0.03879387072181357, 
     0.10021385967853982
    ], 
    "rgb2": [
     0.5920659681116069, 
     0.22831197361780092, 
     0.3514602938082775
    ]
   }
  }, 
  "RED": {
   "Readings": [
    [
     31.8, 
     25.2, 
     9.5, 
     26.9, 
     20.6
    ], 
    [
     32.6, 
     25.3, 
     9.1, 
     26.9, 
     19.7
    ], 
    [
     32.7, 
     25.7, 
     9.1, 
     27.0, 
     19.5
    ], 
    [
     32.7, 
     25.6, 
     9.3, 
     27.2, 
     20.2
    ]
   ], 
   "color": {
    "hex": "#743B3E", 
    "labch": [
     32.45, 
     25.450000000000003, 
     9.25, 
     27.0, 
     20.0
    ], 
    "rgb": [
     0.17910563679881925, 
     0.04052962227942979, 
     0.04600603562548951
    ], 
    "rgb2": [
     0.457619167210213, 
     0.2328999223687505, 
     0.2467110210228518
    ]
   }
  }, 
  "RUSSIAN BLUE": {
   "Readings": [
    [
     26.9, 
     0.1, 
     -4.1, 
     4.1, 
     270.8
    ], 
    [
     26.8, 
     0, 
     -4.2, 
     4.2, 
     270
    ], 
    [
     26.8, 
     0.1, 
     -4.2, 
     4.2, 
     271.7
    ], 
    [
     26.7, 
     0, 
     -4.2, 
     4.4, 
     270.6
    ]
   ], 
   "color": {
    "hex": "#3C3F45", 
    "labch": [
     26.8, 
     0.05, 
     -4.175, 
     4.225, 
     270.775
    ], 
    "rgb": [
     0.0417134983195471, 
     0.04708165759894843, 
     0.057580812726955304
    ], 
    "rgb2": [
     0.2359679427419876, 
     0.24931636884104771, 
     0.2732057935995309
    ]
   }
  }, 
  "SABLE": {
   "Readings": [
    [
     33.7, 
     4.9, 
     7.4, 
     8.9, 
     56.7
    ], 
    [
     33.7, 
     4.5, 
     7.2, 
     8.5, 
     57.5
    ], 
    [
     33.5, 
     4.7, 
     7.3, 
     8.7, 
     57.3
    ], 
    [
     33.8, 
     4.7, 
     7.4, 
     8.8, 
     57.6
    ]
   ], 
   "color": {
    "hex": "#5B4C43", 
    "labch": [
     33.675, 
     4.7, 
     7.325000000000001, 
     8.725, 
     57.275
    ], 
    "rgb": [
     0.10391096142514974, 
     0.07030605746180849, 
     0.05428922626086486
    ], 
    "rgb2": [
     0.3572957845369825, 
     0.29916156266060456, 
     0.26599277593836124
    ]
   }
  }, 
  "SADDLE BROWN": {
   "Readings": [
    [
     40.2, 
     13.7, 
     19, 
     23.5, 
     54.1
    ], 
    [
     38.6, 
     13.4, 
     18.3, 
     22.7, 
     53.8
    ], 
    [
     40.7, 
     13.6, 
     18.9, 
     23.3, 
     54.2
    ], 
    [
     40.7, 
     13.7, 
     19.1, 
     23.5, 
     54.3
    ]
   ], 
   "color": {
    "hex": "#7C5540", 
    "labch": [
     40.050000000000004, 
     13.600000000000001, 
     18.825, 
     23.25, 
     54.10000000000001
    ], 
    "rgb": [
     0.2074633145295195, 
     0.09020726918766862, 
     0.04832355449345852
    ], 
    "rgb2": [
     0.4892364185113525, 
     0.33505012861985733, 
     0.25228439971973693
    ]
   }
  }, 
  "SAFFRON": {
   "Readings": [
    [
     59.4, 
     14.8, 
     32.5, 
     35.7, 
     65.4
    ], 
    [
     59.3, 
     14.9, 
     32.4, 
     35.7, 
     65.3
    ], 
    [
     59.2, 
     14.8, 
     32.2, 
     35.5, 
     65.3
    ], 
    [
     59.3, 
     14.8, 
     32.2, 
     35.5, 
     65.3
    ]
   ], 
   "color": {
    "hex": "#B88356", 
    "labch": [
     59.3, 
     14.825, 
     32.325, 
     35.6, 
     65.325
    ], 
    "rgb": [
     0.48856021240190906, 
     0.23440297922189085, 
     0.0925674068766945
    ], 
    "rgb2": [
     0.7221029753333711, 
     0.5171536607718917, 
     0.3390066568945739
    ]
   }
  }, 
  "SCARLET": {
   "Readings": [
    [
     37, 
     40.2, 
     18.4, 
     44.2, 
     24.6
    ], 
    [
     36.8, 
     39.7, 
     18, 
     43.6, 
     24.4
    ], 
    [
     37, 
     39.8, 
     17.9, 
     43.7, 
     24.2
    ], 
    [
     36.8, 
     40.1, 
     18.2, 
     44.0, 
     24.5
    ]
   ], 
   "color": {
    "hex": "#95373B", 
    "labch": [
     36.9, 
     39.95, 
     18.125, 
     43.875, 
     24.425
    ], 
    "rgb": [
     0.3079814634888515, 
     0.03437735198709206, 
     0.04119141680550053
    ], 
    "rgb2": [
     0.5854787972413269, 
     0.21610722278572816, 
     0.23462089950239487
    ]
   }
  }, 
  "SKY BLUE": {
   "Readings": [
    [
     77.1, 
     -17.1, 
     -12.1, 
     21.2, 
     216.2
    ], 
    [
     77.4, 
     -17.3, 
     -12.6, 
     21.4, 
     216
    ], 
    [
     77.4, 
     -17.1, 
     -12.6, 
     21.3, 
     216.3
    ], 
    [
     77.2, 
     -17.1, 
     -12.4, 
     21.1, 
     216
    ]
   ], 
   "color": {
    "hex": "#89C9D5", 
    "labch": [
     77.275, 
     -17.150000000000002, 
     -12.424999999999999, 
     21.25, 
     216.125
    ], 
    "rgb": [
     0.25742760077519067, 
     0.5929187713230657, 
     0.6744313934616986
    ], 
    "rgb2": [
     0.5396546936296771, 
     0.7885259675561194, 
     0.8360734731149473
    ]
   }
  }, 
  "STONE": {
   "Readings": [
    [
     78.2, 
     2.7, 
     16.5, 
     16.7, 
     80.8
    ], 
    [
     78.4, 
     2.6, 
     16.5, 
     16.7, 
     80.9
    ], 
    [
     78, 
     2.7, 
     16.5, 
     16.7, 
     80.8
    ], 
    [
     78.5, 
     2.6, 
     16.5, 
     16.7, 
     80.9
    ]
   ], 
   "color": {
    "hex": "#D2BEA3", 
    "labch": [
     78.275, 
     2.65, 
     16.5, 
     16.7, 
     80.85
    ], 
    "rgb": [
     0.6572560139192068, 
     0.5289671155425485, 
     0.37502645101126914
    ], 
    "rgb2": [
     0.8263272534442225, 
     0.7486619496331394, 
     0.6403121943202397
    ]
   }
  }, 
  "SUNBURST": {
   "Readings": [
    [
     74.6, 
     13, 
     45.2, 
     47, 
     73.9
    ], 
    [
     74.4, 
     13.1, 
     45.4, 
     47.3, 
     73.9
    ], 
    [
     74.4, 
     13.2, 
     45.3, 
     47.2, 
     73.8
    ], 
    [
     74.5, 
     13, 
     45.4, 
     47.2, 
     74
    ]
   ], 
   "color": {
    "hex": "#E6AC63", 
    "labch": [
     74.475, 
     13.075, 
     45.324999999999996, 
     47.175, 
     73.9
    ], 
    "rgb": [
     0.797709152883437, 
     0.4232664053850113, 
     0.12594340895137093
    ], 
    "rgb2": [
     0.902368440377613, 
     0.6765174449473951, 
     0.3899319650210633
    ]
   }
  }, 
  "TERRACOTTA": {
   "Readings": [
    [
     39.6, 
     19.8, 
     13.7, 
     24.1, 
     34.5
    ], 
    [
     40.1, 
     19.8, 
     13.9, 
     24.2, 
     34.9
    ], 
    [
     40.2, 
     20, 
     13.9, 
     24.3, 
     34.8
    ], 
    [
     40.1, 
     19.8, 
     13.7, 
     24.1, 
     34.8
    ]
   ], 
   "color": {
    "hex": "#835148", 
    "labch": [
     40.0, 
     19.85, 
     13.8, 
     24.174999999999997, 
     34.75
    ], 
    "rgb": [
     0.231934193410342, 
     0.08087156106055722, 
     0.06331772347034974
    ], 
    "rgb2": [
     0.5146707009436899, 
     0.31881853177657504, 
     0.28525861482766907
    ]
   }
  }, 
  "VANILLA": {
   "Readings": [
    [
     84.7, 
     0.5, 
     19.5, 
     19.5, 
     88.6
    ], 
    [
     84.3, 
     0.7, 
     19.6, 
     19.6, 
     88
    ], 
    [
     84.4, 
     0.6, 
     19.7, 
     19.7, 
     88.3
    ], 
    [
     83.8, 
     0.6, 
     20.1, 
     20.1, 
     88.2
    ]
   ], 
   "color": {
    "hex": "#E2D0AD", 
    "labch": [
     84.3, 
     0.6, 
     19.725, 
     19.725, 
     88.27499999999999
    ], 
    "rgb": [
     0.7677916838182648, 
     0.6431059609622057, 
     0.42791249834100703
    ], 
    "rgb2": [
     0.886824965815739, 
     0.8181928835106931, 
     0.6798828369320462
    ]
   }
  }, 
  "WHITE": {
   "Readings": [
    [
     95, 
     -0.7, 
     5.6, 
     5.6, 
     97.3
    ], 
    [
     93.4, 
     -0.3, 
     6.7, 
     6.7, 
     92.5
    ], 
    [
     93.9, 
     -0.4, 
     6.2, 
     6.2, 
     93.4
    ], 
    [
     94.6, 
     -0.5, 
     5.9, 
     5.9, 
     95.1
    ]
   ], 
   "color": {
    "hex": "#F2EEE2", 
    "labch": [
     94.225, 
     -0.475, 
     6.1, 
     6.1, 
     94.57500000000002
    ], 
    "rgb": [
     0.8965018633593455, 
     0.8609472503716439, 
     0.7718791014300563
    ], 
    "rgb2": [
     0.9515516399481722, 
     0.9342086482019221, 
     0.8889678147594171
    ]
   }
  }, 
  "WINE": {
   "Readings": [
    [
     30.9, 
     11.5, 
     0.2, 
     11.5, 
     0.8
    ], 
    [
     30.8, 
     11.7, 
     0.1, 
     11.7, 
     0.6
    ], 
    [
     30.9, 
     11.5, 
     0.3, 
     11.5, 
     1.3
    ], 
    [
     31, 
     11.4, 
     0.2, 
     11.4, 
     0.9
    ]
   ], 
   "color": {
    "hex": "#5A4248", 
    "labch": [
     30.9, 
     11.525, 
     0.2, 
     11.525, 
     0.9
    ], 
    "rgb": [
     0.10212994019530296, 
     0.05172836903111087, 
     0.0633452051615143
    ], 
    "rgb2": [
     0.35449901701401076, 
     0.2602143639607004, 
     0.28531488559683116
    ]
   }
  }
 }, 
 "MEDICISTYLE QL": {
  "CL 01": {
   "Readings": [
    [
     23.9, 
     -0.2, 
     -0.7, 
     0.7, 
     254
    ], 
    [
     23.9, 
     -0.3, 
     -0.8, 
     0.8, 
     251.1
    ], 
    [
     23.8, 
     0, 
     -0.7, 
     0.7, 
     267.8
    ], 
    [
     23.9, 
     -0.2, 
     -0.8, 
     0.9, 
     258.3
    ]
   ], 
   "color": {
    "hex": "#373839", 
    "labch": [
     23.875, 
     -0.175, 
     -0.75, 
     0.775, 
     257.8
    ], 
    "rgb": [
     0.03558334751305569, 
     0.03690272760982493, 
     0.038316373256179224
    ], 
    "rgb2": [
     0.2195208719680931, 
     0.2231839398102136, 
     0.22703029633908497
    ]
   }
  }, 
  "CL 08": {
   "Readings": [
    [
     32.6, 
     22.1, 
     8.9, 
     23.8, 
     22
    ], 
    [
     32.6, 
     22.1, 
     8.9, 
     23.8, 
     21.9
    ], 
    [
     32.7, 
     22, 
     8.9, 
     23.8, 
     22.1
    ], 
    [
     32.6, 
     22.2, 
     9, 
     23.9, 
     22.1
    ]
   ], 
   "color": {
    "hex": "#703E3F", 
    "labch": [
     32.625, 
     22.1, 
     8.925, 
     23.825000000000003, 
     22.025
    ], 
    "rgb": [
     0.16641289121241307, 
     0.045326616136870154, 
     0.04718908761491488
    ], 
    "rgb2": [
     0.4425823347050576, 
     0.2450481900266302, 
     0.24957479232552374
    ]
   }
  }, 
  "CL 1134": {
   "Readings": [
    [
     60.9, 
     3.1, 
     14.5, 
     14.9, 
     78.1
    ], 
    [
     60.9, 
     3, 
     14.4, 
     14.7, 
     78.2
    ], 
    [
     60.8, 
     3, 
     14.4, 
     14.7, 
     78.3
    ], 
    [
     60.9, 
     3, 
     14.5, 
     14.8, 
     78.2
    ]
   ], 
   "color": {
    "hex": "#A29079", 
    "labch": [
     60.875, 
     3.025, 
     14.45, 
     14.774999999999999, 
     78.2
    ], 
    "rgb": [
     0.36938823001928817, 
     0.28540857335757197, 
     0.19620061000229255
    ], 
    "rgb2": [
     0.6359183949474374, 
     0.5655682314189573, 
     0.4769799904940401
    ]
   }
  }, 
  "CL 1137": {
   "Readings": [
    [
     76.1, 
     2.1, 
     11, 
     11.2, 
     79.2
    ], 
    [
     76.3, 
     1.3, 
     10.9, 
     11.0, 
     83.1
    ], 
    [
     75.4, 
     1.9, 
     11, 
     11.2, 
     80.3
    ], 
    [
     75.2, 
     2.5, 
     11, 
     11.3, 
     77.4
    ]
   ], 
   "color": {
    "hex": "#C6B8A6", 
    "labch": [
     75.75, 
     1.9500000000000002, 
     10.975, 
     11.175, 
     80.0
    ], 
    "rgb": [
     0.5780359001716588, 
     0.4922144683039399, 
     0.3921129891237651
    ], 
    "rgb2": [
     0.7794668357621022, 
     0.724553019401707, 
     0.6534117234168371
    ]
   }
  }, 
  "CL 115": {
   "Readings": [
    [
     36.4, 
     37.1, 
     16.9, 
     40.8, 
     24.5
    ], 
    [
     36.3, 
     36.8, 
     16.7, 
     40.4, 
     24.3
    ], 
    [
     36.4, 
     37.1, 
     16.9, 
     40.8, 
     24.5
    ], 
    [
     36.3, 
     36.8, 
     16.7, 
     40.4, 
     24.4
    ]
   ], 
   "color": {
    "hex": "#8F393C", 
    "labch": [
     36.349999999999994, 
     36.95, 
     16.799999999999997, 
     40.599999999999994, 
     24.424999999999997
    ], 
    "rgb": [
     0.28357368440171454, 
     0.03735535966388432, 
     0.04225444708833264
    ], 
    "rgb2": [
     0.5639125817984764, 
     0.22442410923977832, 
     0.23735400052234218
    ]
   }
  }, 
  "CL 12": {
   "Readings": [
    [
     66.5, 
     5.4, 
     25.6, 
     26.2, 
     78.2
    ], 
    [
     66.4, 
     5.4, 
     25.6, 
     26.2, 
     78.1
    ], 
    [
     66.4, 
     5.4, 
     25.6, 
     26.1, 
     78.1
    ], 
    [
     66.5, 
     5.4, 
     25.6, 
     26.2, 
     78.1
    ]
   ], 
   "color": {
    "hex": "#BB9C73", 
    "labch": [
     66.45, 
     5.4, 
     25.6, 
     26.175, 
     78.125
    ], 
    "rgb": [
     0.5062201384961281, 
     0.3433950199320303, 
     0.17650122608945817
    ], 
    "rgb2": [
     0.7338525818379706, 
     0.6151730047436257, 
     0.4545823851470683
    ]
   }
  }, 
  "CL 3121": {
   "Readings": [
    [
     33.3, 
     29.6, 
     12.9, 
     32.3, 
     23.5
    ], 
    [
     33.4, 
     29.4, 
     12.6, 
     32.0, 
     23.3
    ], 
    [
     33.3, 
     29.5, 
     12.9, 
     32.2, 
     23.5
    ], 
    [
     33.3, 
     29.4, 
     12.6, 
     32.0, 
     23.2
    ]
   ], 
   "color": {
    "hex": "#7D393B", 
    "labch": [
     33.324999999999996, 
     29.475, 
     12.75, 
     32.125, 
     23.375
    ], 
    "rgb": [
     0.20908842531553404, 
     0.03796610013078458, 
     0.0409316800829457
    ], 
    "rgb2": [
     0.49097467035466236, 
     0.22608455996286358, 
     0.23394727280415456
    ]
   }
  }, 
  "CL 42": {
   "Readings": [
    [
     45.3, 
     -1.1, 
     1.9, 
     2.2, 
     118.9
    ], 
    [
     45.7, 
     -1.1, 
     1.8, 
     2.1, 
     121.9
    ], 
    [
     45.4, 
     -1.1, 
     1.8, 
     2.1, 
     121.8
    ], 
    [
     45.4, 
     -1.1, 
     1.9, 
     2.2, 
     119.6
    ]
   ], 
   "color": {
    "hex": "#6B6C68", 
    "labch": [
     45.45, 
     -1.1, 
     1.85, 
     2.1500000000000004, 
     120.55000000000001
    ], 
    "rgb": [
     0.1481291563586057, 
     0.1511183720386054, 
     0.140375424174049
    ], 
    "rgb2": [
     0.4197767990257593, 
     0.42360628378168563, 
     0.4096425275047382
    ]
   }
  }, 
  "CL 55": {
   "Readings": [
    [
     26.7, 
     -1.2, 
     -6.1, 
     6.2, 
     258.4
    ], 
    [
     27, 
     -1.2, 
     -5.8, 
     5.9, 
     258.5
    ], 
    [
     27, 
     -1.2, 
     -5.7, 
     5.9, 
     258.3
    ], 
    [
     27.1, 
     -1.1, 
     -6.1, 
     6.2, 
     259.4
    ]
   ], 
   "color": {
    "hex": "#384048", 
    "labch": [
     26.950000000000003, 
     -1.1749999999999998, 
     -5.924999999999999, 
     6.05, 
     258.65
    ], 
    "rgb": [
     0.03672289942566337, 
     0.048796673919791964, 
     0.063037631492745
    ], 
    "rgb2": [
     0.2226889254477176, 
     0.2534041579344267, 
     0.28468434460912406
    ]
   }
  }, 
  "CL 7115": {
   "Readings": [
    [
     64.6, 
     0.6, 
     5.9, 
     6, 
     84.5
    ], 
    [
     64.5, 
     0.6, 
     5.9, 
     5.9, 
     84.5
    ], 
    [
     64.8, 
     0.5, 
     5.5, 
     5.5, 
     85.1
    ], 
    [
     64.5, 
     0.6, 
     5.8, 
     5.8, 
     84.3
    ]
   ], 
   "color": {
    "hex": "#A29B92", 
    "labch": [
     64.6, 
     0.575, 
     5.775, 
     5.8, 
     84.6
    ], 
    "rgb": [
     0.3695331919007792, 
     0.3389348245729715, 
     0.29514873154461085
    ], 
    "rgb2": [
     0.6360318184347613, 
     0.6115281475754135, 
     0.5742612468851979
    ]
   }
  }, 
  "CL 8117": {
   "Readings": [
    [
     30.7, 
     7.1, 
     6.2, 
     9.4, 
     41.1
    ], 
    [
     29.7, 
     7.3, 
     6.9, 
     10.1, 
     43.4
    ], 
    [
     30.3, 
     7.2, 
     6.7, 
     9.9, 
     42.9
    ], 
    [
     30.7, 
     7, 
     6.5, 
     9.6, 
     42.5
    ]
   ], 
   "color": {
    "hex": "#56433D", 
    "labch": [
     30.35, 
     7.1499999999999995, 
     6.575, 
     9.75, 
     42.475
    ], 
    "rgb": [
     0.09207336242713013, 
     0.053320911208330796, 
     0.0438309569941619
    ], 
    "rgb2": [
     0.33818303685506546, 
     0.2638256846682404, 
     0.2413391094984818
    ]
   }
  }, 
  "CL 90": {
   "Readings": [
    [
     33.5, 
     -0.4, 
     -0.1, 
     0.4, 
     190.6
    ], 
    [
     33.4, 
     -0.4, 
     -0.1, 
     0.4, 
     199.5
    ], 
    [
     33.5, 
     -0.4, 
     -0.1, 
     0.4, 
     199
    ], 
    [
     33.4, 
     -0.4, 
     -0.2, 
     0.5, 
     200
    ]
   ], 
   "color": {
    "hex": "#4D4E4E", 
    "labch": [
     33.45, 
     -0.4, 
     -0.125, 
     0.42500000000000004, 
     197.275
    ], 
    "rgb": [
     0.0735621257222968, 
     0.07561820066074836, 
     0.075548386193211
    ], 
    "rgb2": [
     0.30538158879037525, 
     0.30923219244560496, 
     0.30910238772063314
    ]
   }
  }, 
  "CL 95": {
   "Readings": [
    [
     33.9, 
     14.4, 
     12.7, 
     19.2, 
     41.3
    ], 
    [
     33.7, 
     14.6, 
     12.7, 
     19.3, 
     41.1
    ], 
    [
     33.9, 
     14.4, 
     12.6, 
     19.2, 
     41.3
    ], 
    [
     33.8, 
     14.4, 
     12.8, 
     19.3, 
     41.5
    ]
   ], 
   "color": {
    "hex": "#6B463C", 
    "labch": [
     33.825, 
     14.45, 
     12.7, 
     19.25, 
     41.3
    ], 
    "rgb": [
     0.14935296150387722, 
     0.05911609751377852, 
     0.041639415409304326
    ], 
    "rgb2": [
     0.4213496659174203, 
     0.27649318731811257, 
     0.23577736058245083
    ]
   }
  }
 }, 
 "NAPPA SERIES QL": {
  "33437- MAGNOLIA": {
   "Readings": [
    [
     80.3, 
     4.3, 
     24.5, 
     24.9, 
     80.1
    ], 
    [
     80.2, 
     4.1, 
     24, 
     24.4, 
     80.3
    ], 
    [
     80.3, 
     4.1, 
     24.5, 
     24.8, 
     80.4
    ], 
    [
     80.2, 
     4.3, 
     24.9, 
     25.3, 
     80.3
    ]
   ], 
   "color": {
    "hex": "#DFC299", 
    "labch": [
     80.25, 
     4.199999999999999, 
     24.475, 
     24.849999999999998, 
     80.27499999999999
    ], 
    "rgb": [
     0.7497601135142269, 
     0.5538420325354607, 
     0.32846842153962735
    ], 
    "rgb2": [
     0.8772967386047072, 
     0.7644643421976407, 
     0.6028709734582081
    ]
   }
  }, 
  "33438- STRAW SAFFRAN": {
   "Readings": [
    [
     67.4, 
     7.5, 
     27.3, 
     28.3, 
     74.6
    ], 
    [
     67.3, 
     7.6, 
     27.4, 
     28.5, 
     74.4
    ], 
    [
     67.4, 
     7.6, 
     27.4, 
     28.4, 
     74.4
    ], 
    [
     67.7, 
     7.7, 
     27.6, 
     28.6, 
     74.4
    ]
   ], 
   "color": {
    "hex": "#C29E73", 
    "labch": [
     67.45, 
     7.6, 
     27.424999999999997, 
     28.449999999999996, 
     74.45
    ], 
    "rgb": [
     0.5501179988379765, 
     0.3491577841253807, 
     0.17431930356978143
    ], 
    "rgb2": [
     0.7621235616754667, 
     0.6198442886999465, 
     0.45201936135202025
    ]
   }
  }, 
  "33439- JAVA": {
   "Readings": [
    [
     63.2, 
     6.4, 
     20.6, 
     21.5, 
     72.6
    ], 
    [
     62.8, 
     6.6, 
     21.1, 
     22.1, 
     72.7
    ], 
    [
     63, 
     6.5, 
     21, 
     22.0, 
     72.7
    ], 
    [
     63, 
     6.5, 
     20.8, 
     21.8, 
     72.6
    ]
   ], 
   "color": {
    "hex": "#B19373", 
    "labch": [
     63.0, 
     6.5, 
     20.875, 
     21.849999999999998, 
     72.65
    ], 
    "rgb": [
     0.4482937312088744, 
     0.2992072016824944, 
     0.1761143401902537
    ], 
    "rgb2": [
     0.6944154799290201, 
     0.5778371686303208, 
     0.4541291903256178
    ]
   }
  }, 
  "33440- MUSHROOM": {
   "Readings": [
    [
     61.9, 
     6.2, 
     212, 
     22, 
     73.7
    ], 
    [
     62, 
     6.2, 
     21, 
     21.9, 
     73.5
    ], 
    [
     62, 
     6.2, 
     20.9, 
     21.8, 
     73.6
    ], 
    [
     62, 
     6.1, 
     20.8, 
     21.6, 
     73.8
    ]
   ], 
   "color": {
    "hex": "#B49031", 
    "labch": [
     61.975, 
     6.175000000000001, 
     68.675, 
     21.825000000000003, 
     73.64999999999999
    ], 
    "rgb": [
     0.4690898473204885, 
     0.28485849760164833, 
     0.027567680745482753
    ], 
    "rgb2": [
     0.7088770631688497, 
     0.5650725002082202, 
     0.19547490644340856
    ]
   }
  }, 
  "33441- TAN": {
   "Readings": [
    [
     43.3, 
     19, 
     24.7, 
     31.1, 
     52.4
    ], 
    [
     43.4, 
     19, 
     24.8, 
     31.2, 
     52.6
    ], 
    [
     43.6, 
     19.3, 
     25.2, 
     31.7, 
     52.6
    ], 
    [
     43.6, 
     19.2, 
     25.1, 
     31.6, 
     52.5
    ]
   ], 
   "color": {
    "hex": "#8F593E", 
    "labch": [
     43.474999999999994, 
     19.125, 
     24.950000000000003, 
     31.4, 
     52.525
    ], 
    "rgb": [
     0.2816761217942381, 
     0.10032102328133541, 
     0.04500262961797201
    ], 
    "rgb2": [
     0.5621942228535706, 
     0.35163107753932704, 
     0.24425046837937184
    ]
   }
  }, 
  "33442- COGNAC": {
   "Readings": [
    [
     34.7, 
     10.9, 
     11.4, 
     15.8, 
     46.1
    ], 
    [
     34.6, 
     11, 
     11.5, 
     15.9, 
     46.4
    ], 
    [
     34.5, 
     10.9, 
     11.6, 
     15.9, 
     46.6
    ], 
    [
     34.5, 
     11, 
     11.5, 
     15.9, 
     46.3
    ]
   ], 
   "color": {
    "hex": "#684A3F", 
    "labch": [
     34.575, 
     10.95, 
     11.5, 
     15.875, 
     46.349999999999994
    ], 
    "rgb": [
     0.1394831753990569, 
     0.06681975859382643, 
     0.04707354259825723
    ], 
    "rgb2": [
     0.4084569446697744, 
     0.2923249369454254, 
     0.24929683510364525
    ]
   }
  }, 
  "33443- HOTSPUR": {
   "Readings": [
    [
     33.2, 
     27.5, 
     13.1, 
     30.4, 
     25.5
    ], 
    [
     33.2, 
     27.6, 
     13.2, 
     30.6, 
     25.6
    ], 
    [
     33, 
     27.7, 
     13.6, 
     30.8, 
     26.2
    ], 
    [
     33, 
     27.6, 
     13.7, 
     30.8, 
     26.4
    ]
   ], 
   "color": {
    "hex": "#7A3A3A", 
    "labch": [
     33.1, 
     27.6, 
     13.399999999999999, 
     30.65, 
     25.924999999999997
    ], 
    "rgb": [
     0.19915888440797236, 
     0.03963995810619486, 
     0.038538027124659216
    ], 
    "rgb2": [
     0.48023565633061227, 
     0.23056204323494767, 
     0.2276263266870873
    ]
   }
  }, 
  "33444- GRANITE": {
   "Readings": [
    [
     55.1, 
     -0.5, 
     1.3, 
     1.4, 
     109.4
    ], 
    [
     55, 
     -0.5, 
     1.3, 
     1.4, 
     108.9
    ], 
    [
     55.2, 
     -0.5, 
     1.4, 
     1.5, 
     108.4
    ], 
    [
     55.2, 
     -0.5, 
     1.4, 
     1.5, 
     107.9
    ]
   ], 
   "color": {
    "hex": "#848481", 
    "labch": [
     55.125, 
     -0.5, 
     1.35, 
     1.45, 
     108.65
    ], 
    "rgb": [
     0.23546616363486897, 
     0.2353549221381062, 
     0.2255313281107146
    ], 
    "rgb2": [
     0.5182185540586534, 
     0.5181072567763709, 
     0.5081631003469417
    ]
   }
  }, 
  "33445- JIVE": {
   "Readings": [
    [
     40.4, 
     1.1, 
     4.6, 
     4.7, 
     76.8
    ], 
    [
     40.2, 
     1, 
     4.6, 
     4.7, 
     77.1
    ], 
    [
     40.3, 
     1.1, 
     4.6, 
     4.7, 
     77
    ], 
    [
     40.3, 
     1, 
     4.6, 
     4.7, 
     77.2
    ]
   ], 
   "color": {
    "hex": "#635E57", 
    "labch": [
     40.3, 
     1.05, 
     4.6, 
     4.7, 
     77.02499999999999
    ], 
    "rgb": [
     0.12741212608068456, 
     0.11164416307468075, 
     0.09522157584368293
    ], 
    "rgb2": [
     0.391992375142327, 
     0.3691460213916966, 
     0.3433909158308619
    ]
   }
  }, 
  "33446- SWING": {
   "Readings": [
    [
     35.6, 
     0.3, 
     1.9, 
     2, 
     80
    ], 
    [
     35.4, 
     0.3, 
     1.9, 
     1.9, 
     82.3
    ], 
    [
     35.5, 
     0.3, 
     1.8, 
     1.9, 
     81.1
    ], 
    [
     35.5, 
     0.3, 
     1.9, 
     1.9, 
     80.5
    ]
   ], 
   "color": {
    "hex": "#555350", 
    "labch": [
     35.5, 
     0.3, 
     1.875, 
     1.9249999999999998, 
     80.975
    ], 
    "rgb": [
     0.08995990581280927, 
     0.08510184329638999, 
     0.07910870896539177
    ], 
    "rgb2": [
     0.3346321961621932, 
     0.3262936494572468, 
     0.3156406014605666
    ]
   }
  }, 
  "33599- BLACK": {
   "Readings": [
    [
     23.4, 
     -0.3, 
     -1, 
     1.1, 
     251.3
    ], 
    [
     23.7, 
     -0.4, 
     -1, 
     1.1, 
     246.7
    ], 
    [
     23.6, 
     -0.3, 
     -1, 
     1.0, 
     251
    ], 
    [
     23.5, 
     -0.3, 
     -1, 
     1.0, 
     251.7
    ]
   ], 
   "color": {
    "hex": "#363839", 
    "labch": [
     23.549999999999997, 
     -0.325, 
     -1.0, 
     1.05, 
     250.175
    ], 
    "rgb": [
     0.03396713338393551, 
     0.03601530393233088, 
     0.03777636312048894
    ], 
    "rgb2": [
     0.21493121733883638, 
     0.22072817143970938, 
     0.22557028268174473
    ]
   }
  }
 }, 
 "SADDLES INDIA QL": {
  "SADE - 001": {
   "Readings": [
    [
     24.4, 
     -0.3, 
     -1.2, 
     1.2, 
     253.3
    ], 
    [
     24.6, 
     -0.3, 
     -0.9, 
     1.0, 
     252
    ], 
    [
     24.3, 
     -0.2, 
     -1.1, 
     1.1, 
     257.7
    ], 
    [
     24.2, 
     -0.3, 
     -1.1, 
     1.2, 
     253.6
    ]
   ], 
   "color": {
    "hex": "#383A3B", 
    "labch": [
     24.375, 
     -0.275, 
     -1.0750000000000002, 
     1.125, 
     254.15
    ], 
    "rgb": [
     0.036532086492385915, 
     0.0386201620751917, 
     0.04067679507079219
    ], 
    "rgb2": [
     0.22216222530577898, 
     0.22784671375071872, 
     0.23328395853506104
    ]
   }
  }, 
  "SADE - 002": {
   "Readings": [
    [
     30.4, 
     -0.8, 
     -0.1, 
     0.8, 
     191
    ], 
    [
     29.9, 
     -0.7, 
     -0.2, 
     0.7, 
     194
    ], 
    [
     30.2, 
     -0.6, 
     -0.2, 
     0.6, 
     199.7
    ], 
    [
     30.3, 
     -0.6, 
     -0.2, 
     0.6, 
     194.6
    ]
   ], 
   "color": {
    "hex": "#454747", 
    "labch": [
     30.2, 
     -0.675, 
     -0.175, 
     0.675, 
     194.82500000000002
    ], 
    "rgb": [
     0.05794224314314725, 
     0.06083628466069813, 
     0.06065842201114925
    ], 
    "rgb2": [
     0.2739839599177236, 
     0.28012164899419323, 
     0.27974909198565384
    ]
   }
  }, 
  "SADE - 003": {
   "Readings": [
    [
     29.4, 
     4.4, 
     3.7, 
     5.8, 
     39.9
    ], 
    [
     29.2, 
     4.5, 
     3.8, 
     5.9, 
     40.5
    ], 
    [
     29.1, 
     4.6, 
     3.8, 
     6.0, 
     40.2
    ], 
    [
     29.4, 
     4.4, 
     3.8, 
     5.8, 
     41.3
    ]
   ], 
   "color": {
    "hex": "#4E423F", 
    "labch": [
     29.275, 
     4.475, 
     3.7750000000000004, 
     5.875, 
     40.475
    ], 
    "rgb": [
     0.07449212274244532, 
     0.05191154629315598, 
     0.04662819489619341
    ], 
    "rgb2": [
     0.30713045734172856, 
     0.26063280329094635, 
     0.24822200204844713
    ]
   }
  }, 
  "SADE - 004": {
   "Readings": [
    [
     32.8, 
     28, 
     12.9, 
     30.8, 
     24.8
    ], 
    [
     32.6, 
     28.1, 
     12.9, 
     30.9, 
     24.7
    ], 
    [
     32, 
     28.5, 
     13.3, 
     31.5, 
     24.9
    ], 
    [
     32.6, 
     28.3, 
     13.1, 
     31.1, 
     24.9
    ]
   ], 
   "color": {
    "hex": "#793839", 
    "labch": [
     32.5, 
     28.224999999999998, 
     13.05, 
     31.075000000000003, 
     24.825000000000003
    ], 
    "rgb": [
     0.1957553947206681, 
     0.036786611142673384, 
     0.037438432976984154
    ], 
    "rgb2": [
     0.4764877059603313, 
     0.22286445608423583, 
     0.22465083050493814
    ]
   }
  }, 
  "SADE - 005": {
   "Readings": [
    [
     35.6, 
     29.9, 
     15.8, 
     33.8, 
     27.9
    ], 
    [
     35.6, 
     29.8, 
     15.8, 
     33.7, 
     27.9
    ], 
    [
     35.2, 
     29.5, 
     15.7, 
     33.5, 
     28.1
    ], 
    [
     35.5, 
     29.3, 
     15.6, 
     33.2, 
     28
    ]
   ], 
   "color": {
    "hex": "#843E3B", 
    "labch": [
     35.475, 
     29.625, 
     15.725, 
     33.55, 
     27.975
    ], 
    "rgb": [
     0.23542558592454085, 
     0.045315916598899886, 
     0.04117511505300164
    ], 
    "rgb2": [
     0.518177959322827, 
     0.2450218953093129, 
     0.2345786892001682
    ]
   }
  }, 
  "SADE - 006": {
   "Readings": [
    [
     32.4, 
     17.2, 
     6.1, 
     18.2, 
     19.4
    ], 
    [
     32.2, 
     17.2, 
     6, 
     18.2, 
     19.1
    ], 
    [
     32.3, 
     17, 
     6.1, 
     18.0, 
     19.7
    ], 
    [
     32.1, 
     17.3, 
     6.1, 
     18.3, 
     19.6
    ]
   ], 
   "color": {
    "hex": "#684143", 
    "labch": [
     32.25, 
     17.175, 
     6.074999999999999, 
     18.175, 
     19.450000000000003
    ], 
    "rgb": [
     0.14003936475757203, 
     0.050118795462853596, 
     0.05286707739891159
    ], 
    "rgb2": [
     0.40919646968583323, 
     0.25650225829543116, 
     0.26280261534464433
    ]
   }
  }, 
  "SADE - 007": {
   "Readings": [
    [
     58.5, 
     5.6, 
     14.8, 
     15.8, 
     69.3
    ], 
    [
     58.5, 
     5.4, 
     14.8, 
     15.7, 
     69.8
    ], 
    [
     58.5, 
     5.4, 
     14.9, 
     15.8, 
     69.9
    ], 
    [
     58.4, 
     5.5, 
     14.8, 
     15.8, 
     69.7
    ]
   ], 
   "color": {
    "hex": "#9F8873", 
    "labch": [
     58.475, 
     5.475, 
     14.825, 
     15.774999999999999, 
     69.675
    ], 
    "rgb": [
     0.35839405195174495, 
     0.252995965171186, 
     0.1736396975964097
    ], 
    "rgb2": [
     0.6272443011980378, 
     0.5354118731253452, 
     0.4512174829541524
    ]
   }
  }, 
  "SADE - 008": {
   "Readings": [
    [
     73, 
     0.9, 
     7.8, 
     7.8, 
     83.6
    ], 
    [
     73.1, 
     0.9, 
     7.7, 
     7.7, 
     83.6
    ], 
    [
     73.1, 
     0.8, 
     7.7, 
     7.7, 
     83.9
    ], 
    [
     73, 
     0.9, 
     7.7, 
     7.7, 
     83.5
    ]
   ], 
   "color": {
    "hex": "#BBB2A5", 
    "labch": [
     73.05, 
     0.875, 
     7.725, 
     7.725, 
     83.65
    ], 
    "rgb": [
     0.5054808099193123, 
     0.45495926722025204, 
     0.38554407700530285
    ], 
    "rgb2": [
     0.7333652135106655, 
     0.6990897936561467, 
     0.6484131805700635
    ]
   }
  }, 
  "SADE - 009": {
   "Readings": [
    [
     60.5, 
     3.9, 
     16.7, 
     17.2, 
     76.8
    ], 
    [
     60.3, 
     3.9, 
     16.7, 
     17.2, 
     76.7
    ], 
    [
     60.4, 
     4, 
     16.8, 
     17.3, 
     76.7
    ], 
    [
     60.4, 
     4.1, 
     16.9, 
     17.4, 
     76.5
    ]
   ], 
   "color": {
    "hex": "#A38E74", 
    "labch": [
     60.4, 
     3.975, 
     16.775, 
     17.275, 
     76.675
    ], 
    "rgb": [
     0.37747465120544016, 
     0.2771020064165027, 
     0.17797664384433423
    ], 
    "rgb2": [
     0.6422088251866025, 
     0.5580259501776232, 
     0.4563057221727434
    ]
   }
  }, 
  "SADE - 010": {
   "Readings": [
    [
     69.2, 
     2.7, 
     13.7, 
     14, 
     79
    ], 
    [
     69.1, 
     2.7, 
     13.7, 
     13.9, 
     78.7
    ], 
    [
     69.1, 
     2.7, 
     13.7, 
     13.9, 
     79
    ], 
    [
     69.2, 
     2.7, 
     13.7, 
     14.0, 
     78.9
    ]
   ], 
   "color": {
    "hex": "#B7A690", 
    "labch": [
     69.15, 
     2.7, 
     13.7, 
     13.95, 
     78.9
    ], 
    "rgb": [
     0.4856395324049417, 
     0.3905412316567528, 
     0.28564312225232574
    ], 
    "rgb2": [
     0.7201375705119786, 
     0.6522198941619795, 
     0.5657794496470212
    ]
   }
  }, 
  "SADE - 011": {
   "Readings": [
    [
     69.2, 
     3.3, 
     14.9, 
     15.3, 
     77.6
    ], 
    [
     69.2, 
     3.2, 
     14.9, 
     15.2, 
     77.7
    ], 
    [
     69.2, 
     3.2, 
     15, 
     15.3, 
     77.9
    ], 
    [
     69.2, 
     3.2, 
     14.9, 
     15.2, 
     77.7
    ]
   ], 
   "color": {
    "hex": "#B9A68E", 
    "labch": [
     69.2, 
     3.2249999999999996, 
     14.924999999999999, 
     15.25, 
     77.72500000000001
    ], 
    "rgb": [
     0.4963145167845059, 
     0.38920415101553507, 
     0.27681846703928836
    ], 
    "rgb2": [
     0.7272901693540825, 
     0.6512039540471231, 
     0.557766337038766
    ]
   }
  }, 
  "SADE - 012": {
   "Readings": [
    [
     59.8, 
     3.2, 
     17.6, 
     17.9, 
     79.8
    ], 
    [
     59.8, 
     3.1, 
     17.5, 
     17.8, 
     79.9
    ], 
    [
     59.7, 
     3.1, 
     17.5, 
     17.8, 
     79.8
    ], 
    [
     59.7, 
     3.2, 
     17.5, 
     17.8, 
     79.8
    ]
   ], 
   "color": {
    "hex": "#A18D71", 
    "labch": [
     59.75, 
     3.1500000000000004, 
     17.525, 
     17.825, 
     79.825
    ], 
    "rgb": [
     0.36381680636869274, 
     0.27180546743599515, 
     0.16811086038099957
    ], 
    "rgb2": [
     0.6315405678817956, 
     0.5531521835623814, 
     0.44462929937960066
    ]
   }
  }, 
  "SADE - 013": {
   "Readings": [
    [
     33.8, 
     10, 
     9.8, 
     14, 
     44.3
    ], 
    [
     33.9, 
     10, 
     9.8, 
     13.9, 
     44.4
    ], 
    [
     33.1, 
     9.9, 
     9.5, 
     13.7, 
     43.6
    ], 
    [
     33.3, 
     9.8, 
     9.4, 
     13.6, 
     43.8
    ]
   ], 
   "color": {
    "hex": "#634840", 
    "labch": [
     33.52499999999999, 
     9.925, 
     9.625, 
     13.799999999999999, 
     44.02499999999999
    ], 
    "rgb": [
     0.12555099168958903, 
     0.06347593467961007, 
     0.047965213099075754
    ], 
    "rgb2": [
     0.3893792410462774, 
     0.2855823816715058, 
     0.25143230746696665
    ]
   }
  }, 
  "SADE - 014": {
   "Readings": [
    [
     36.1, 
     11.8, 
     12.7, 
     17.3, 
     47.2
    ], 
    [
     36, 
     11.9, 
     12.7, 
     17.4, 
     46.9
    ], 
    [
     36.4, 
     11.9, 
     12.9, 
     17.5, 
     47.4
    ], 
    [
     35.9, 
     11.7, 
     12.7, 
     17.2, 
     47.4
    ]
   ], 
   "color": {
    "hex": "#6D4D41", 
    "labch": [
     36.1, 
     11.825, 
     12.75, 
     17.35, 
     47.225
    ], 
    "rgb": [
     0.15638189463266583, 
     0.07283893124168099, 
     0.04958457814474159
    ], 
    "rgb2": [
     0.4302502416771292, 
     0.3040132621168803, 
     0.2552558696761398
    ]
   }
  }, 
  "SADE - 015": {
   "Readings": [
    [
     46.8, 
     -1, 
     2, 
     2.3, 
     116.4
    ], 
    [
     46.8, 
     -1, 
     2, 
     2.2, 
     117.7
    ], 
    [
     46.6, 
     -1.1, 
     1.9, 
     2.2, 
     120.8
    ], 
    [
     46.8, 
     -1.1, 
     2, 
     2.3, 
     120.1
    ]
   ], 
   "color": {
    "hex": "#6E6F6B", 
    "labch": [
     46.75, 
     -1.05, 
     1.975, 
     2.25, 
     118.75
    ], 
    "rgb": [
     0.15857797559481568, 
     0.16115089401886779, 
     0.14940946742633107
    ], 
    "rgb2": [
     0.4329861767166595, 
     0.4361654250810675, 
     0.4214221187381677
    ]
   }
  }, 
  "SADE - 016": {
   "Readings": [
    [
     63.6, 
     -0.6, 
     4.7, 
     4.7, 
     97.2
    ], 
    [
     63.6, 
     -0.6, 
     4.8, 
     4.9, 
     96.7
    ], 
    [
     63.7, 
     -0.5, 
     4.7, 
     4.8, 
     96.4
    ], 
    [
     63.7, 
     -0.5, 
     4.8, 
     4.9, 
     96.4
    ]
   ], 
   "color": {
    "hex": "#9C9A91", 
    "labch": [
     63.650000000000006, 
     -0.55, 
     4.75, 
     4.825000000000001, 
     96.67500000000001
    ], 
    "rgb": [
     0.34343977437865914, 
     0.3303250085929028, 
     0.2918355537303557
    ], 
    "rgb2": [
     0.6152094466721207, 
     0.6044174927472317, 
     0.5713220686136957
    ]
   }
  }, 
  "SADE - 017": {
   "Readings": [
    [
     55.7, 
     0.3, 
     1.9, 
     1.9, 
     80
    ], 
    [
     55.6, 
     0.3, 
     1.8, 
     1.9, 
     80
    ], 
    [
     55.9, 
     0.3, 
     1.8, 
     1.9, 
     80.6
    ], 
    [
     55.7, 
     0.3, 
     1.9, 
     1.9, 
     80.1
    ]
   ], 
   "color": {
    "hex": "#878582", 
    "labch": [
     55.72500000000001, 
     0.3, 
     1.85, 
     1.9, 
     80.175
    ], 
    "rgb": [
     0.2488915133737912, 
     0.2395781222483802, 
     0.2282382136797812
    ], 
    "rgb2": [
     0.5314459858974925, 
     0.5223126277990511, 
     0.5109264019535742
    ]
   }
  }, 
  "SADE - 018": {
   "Readings": [
    [
     92.3, 
     -0.7, 
     -1.5, 
     1.7, 
     246.2
    ], 
    [
     92.1, 
     -0.7, 
     -1.4, 
     1.5, 
     241.5
    ], 
    [
     92.6, 
     -0.7, 
     -1.8, 
     1.9, 
     249
    ], 
    [
     92.7, 
     -0.8, 
     -1.6, 
     1.8, 
     242.3
    ]
   ], 
   "color": {
    "hex": "#E6E9EC", 
    "labch": [
     92.425, 
     -0.7249999999999999, 
     -1.5750000000000002, 
     1.7249999999999999, 
     244.75
    ], 
    "rgb": [
     0.7991615174059994, 
     0.8261053324155831, 
     0.844653252922483
    ], 
    "rgb2": [
     0.9031148492185601, 
     0.9168300299176777, 
     0.9261301584996586
    ]
   }
  }, 
  "SADE - 019": {
   "Readings": [
    [
     27.2, 
     -1.2, 
     -6, 
     -6.1, 
     258.2
    ], 
    [
     27.1, 
     -1.1, 
     -6, 
     6.1, 
     259.5
    ], 
    [
     27, 
     -1.2, 
     -5.9, 
     6.1, 
     258.2
    ], 
    [
     27, 
     -1.2, 
     -5.8, 
     6.0, 
     258.4
    ]
   ], 
   "color": {
    "hex": "#3A4046", 
    "labch": [
     27.075, 
     -1.175, 
     -5.925, 
     3.025, 
     258.57500000000005
    ], 
    "rgb": [
     0.03978559226928724, 
     0.048873127222462315, 
     0.059378441480630824
    ], 
    "rgb2": [
     0.23094668873792332, 
     0.25358454758674775, 
     0.27705024777641685
    ]
   }
  }, 
  "SADE - 020": {
   "Readings": [
    [
     34.5, 
     -2.1, 
     -16.7, 
     16.8, 
     263
    ], 
    [
     34.7, 
     -2, 
     -16.6, 
     16.7, 
     263
    ], 
    [
     34.9, 
     -2.2, 
     -16.9, 
     17.0, 
     262.7
    ], 
    [
     34.6, 
     -2, 
     -16.5, 
     16.6, 
     262.9
    ]
   ], 
   "color": {
    "hex": "#3B536B", 
    "labch": [
     34.675, 
     -2.075, 
     -16.674999999999997, 
     16.775, 
     262.9
    ], 
    "rgb": [
     0.04123819323578117, 
     0.08635490134515446, 
     0.15032068463704867
    ], 
    "rgb2": [
     0.234741967654806, 
     0.3284687724386426, 
     0.4225884387833214
    ]
   }
  }
 }
}